224517
342942
161936
174430
397598
316554
233078
115746
167791
187645
162886
291457
220308
12333
84876
418059
338960
182028
421006
193738
295770
28720
246900
173346
167355
169786
177736
266507
124361
312484
341169
205637
373106
237182
120677
164928
192135
266192
96848
251247
321608
199792
284378
324856
183394
521
366013
285774
175914
390092
247763
365717
256960
253344
414317
383179
3076
184267
314040
295947
185343
102794
251661
31260
170216
231733
182874
240980
161533
221107
255984
371942
126163
2651
216132
205059
380607
244521
367966
266810
35677
125153
124742
337627
200680
164153
436217
276025
366161
322289
209010
332772
284083
28143
55690
157354
277659
413246
230802
201808
359871
159675
93
256916
72125
291453
110327
191189
359609
229853
364073
317985
62219
12
279537
225694
68448
25613
121921
171623
391137
163068
217372
410201
155821
37111
310873
271055
310100
236457
42
227935
40834
122515
170042
264220
146021
18602
4098
396790
203993
73439
269385
172386
36218
163412
43015
102680
218417
429293
12493
144733
391163
205896
175640
196340
254640
175155
325494
198928
233371
178900
180263
189932
172287
220877
258779
463
235802
304783
30549
132531
118048
147020
209418
358661
266524
161970
14996
400602
249259
268864
263918
262712
271324
77423
274364
34635
294484
328871
148949
308765
271896
364011
82222
281259
296151
146652
127023
2511
283948
54043
103885
316377
244522
265188
233398
329082
350184
356080
283355
339789
233867
420033
332686
314491
43111
188920
374173
10630
9609
118
227224
199561
416851
242302
256680
104162
342070
39463
25021
299659
155426
300531
188
128882
103343
822
31627
287954
17133
282524
148228
70149
171131
104006
269207
123260
215
14105
150376
285967
400366
241451
293014
385761
367220
367150
7854
9209
165722
91
306735
245638
182631
188834
260605
375459
295486
283155
54998
329839
126042
223040
224037
295895
146886
232832
21050
195421
221194
129437
158600
3
351913
232405
192291
199478
176189
156129
318977
176494
150145
19857
274637
286096
224783
169426
311193
284189
300322
270633
156546
555
323612
198994
297562
228341
329500
194655
421
9216
277085
19777
20551
109276
31481
230253
128621
400314
356123
244271
284653
349067
370591
127060
331106
291572
760
204583
140620
27708
298047
2655
206718
318184
144344
246784
305096
223321
262211
27833
350316
50
239188
342810
139976
46213
385529
108745
92828
332800
172
146508
257499
160477
111341
302723
350933
333255
5
276182
295374
155068
446497
66589
129622
176734
308119
24181
319966
97207
345972
311988
2653
47
260180
38453
63888
54
379078
411567
184921
234277
209685
22545
136888
354934
143693
227789
434654
155873
202426
163967
245655
154203
301880
336986
54138
188866
181279
336382
187617
40692
93260
219650
285192
271601
318084
48726
59294
203420
384213
246192
25292
21241
304420
172081
345584
219513
247367
274638
172818
39856
368173
397385
193037
77130
176920
128271
297030
372
40354
140934
408180
45315
59959
13122
155987
70919
351040
417197
8217
199042
334986
246684
245934
181304
90137
357563
319910
146439
195539
334590
318182
303057
119890
315767
37046
436126
41114
171
552
269210
24480
25554
244711
290484
260428
381248
163745
284742
177478
206480
385610
454103
386368
365258
342900
234487
15987
39683
367498
250458
335764
9217
192458
234
322708
222509
343905
92415
352515
318243
70323
367041
368305
236191
194594
286751
101721
315610
316412
381297
379629
258210
198773
128671
31594
298069
215311
21348
256226
328565
356033
33160
34219
420087
292375
1
293141
166669
138161
265736
151347
150
144592
262543
325635
220
71
355093
182134
503
156858
338834
66188
229220
100901
186751
17392
170771
353288
251658
27162
11
54625
154809
18833
55670
204305
404431
62222
192153
12942
161614
144189
158899
124708
216600
40765
359438
307002
205398
383607
295564
264241
290359
63628
11170
175095
96913
269144
36932
121
422732
215341
256952
243
283393
66362
353545
176396
293296
239942
242705
79828
169427
478
194607
43570
15062
256730
290236
180974
98778
20437
270844
274960
5404
371330
226522
340466
136063
233312
137408
21790
25417
162082
157969
193042
6249
150658
83330
266830
13
371433
240196
348450
406652
336794
191862
425549
17226
424219
117959
318009
105134
284435
712
156009
245654
84419
387866
142379
232414
9674
197376
144797
415776
177639
218074
153938
28023
252328
97786
62227
196326
91312
31999
31730
18
146791
280794
245961
128996
133473
170624
17405
181530
262215
296237
341945
125618
170561
171668
183251
346965
307305
172308
97842
119506
163968
90419
432
127398
284777
264055
2346
147949
206941
248490
221965
362944
15985
27173
380619
102652
133848
256999
4390
328866
65781
475
22827
346501
15363
213460
304051
265402
34119
105551
151022
95527
699
347703
281655
237179
232043
27746
440540
216734
345868
133038
131357
42215
36553
354570
46
193949
130960
266121
337765
269511
42052
363247
244115
23540
159508
5782
355483
369880
128780
291845
111799
58421
875
298383
286063
370913
403441
329551
190082
192836
298231
424981
141572
39351
244114
270673
9625
153016
399941
2398
224710
140603
135779
30869
123123
113924
328479
334065
273330
13004
6472
41
39938
347305
368061
160010
37904
10547
262941
143519
135219
306040
444481
258036
42776
155703
180593
107529
171499
1353
361545
326494
204472
24508
270239
316624
233247
3685
209778
100423
300905
174785
169255
306881
283864
3201
300300
21763
205359
266164
163839
338957
214880
163166
346703
218603
202670
212445
296912
422541
121408
69789
132018
434367
279613
434906
357873
193558
29603
2955
254708
113294
283863
249381
242639
220517
1513
284760
148729
88
180511
231581
318560
301255
183840
358320
123540
267609
71721
198953
331787
167400
241590
58281
30380
373600
394106
363307
119432
7717
1465
367518
156336
244608
50750
358737
299169
20100
213893
154825
168584
45
257501
183562
280480
238799
70512
303731
441696
126792
146278
203416
483
447243
270970
165401
143741
256788
351817
316546
281442
299684
20963
223770
232219
121288
158435
255692
143515
15512
2453
134726
40628
407297
393325
372559
73761
168435
11825
242574
314503
72321
382843
244331
264052
253499
16747
226320
352418
342444
393672
21882
241724
162007
244228
51
65532
218333
393429
387780
276498
87890
173064
155624
8125
313889
181521
300877
385331
15364
169654
150997
22345
160495
9823
68425
214029
214887
332290
73171
181687
198740
220520
204516
256382
338760
251678
200147
239472
47185
116998
218121
31563
271319
256570
420498
201825
231218
359970
294612
198830
3307
254386
161417
249277
285984
194879
156943
234477
179172
354544
393333
203417
377470
55600
277700
387378
171273
43528
402676
175117
272739
281549
162286
131260
2163
329845
422674
217780
131287
170416
275467
270314
160499
56692
297129
